-0.9997137267734413 0.0007346344905008809
-0.9984919506395958 0.001709392653517807
-0.9962951347331251 0.002683925371554019
-0.9931249370374434 0.003655961201327216
-0.9889843952429918 0.004624450063421818
-0.983877540706057 0.005588428003865117
-0.9778093584869183 0.00654694845084515
-0.9707857757637064 0.007499073255464816
-0.9628136542558156 0.008443871469668721
-0.9539007829254917 0.009380419653694542
-0.944055870136256 0.01030780257486916
-0.9332885350430795 0.01122511402318622
-0.921609298145334 0.012131457662979251
-0.9090295709825297 0.013025947892971715
-0.895561644970727 0.01390771070371885
-0.8812186793850184 0.014775884527441474
-0.8660146884971647 0.015629621077546098
-0.8499645278795913 0.01646808617614516
-0.8330838798884008 0.017290460568323632
-0.8153892383391762 0.018095940722128407
-0.7968978923903145 0.018883739613374886
-0.7776279096494955 0.01965308749443545
-0.7575981185197072 0.020403232646209593
-0.7368280898020207 0.021133442112527594
-0.7153381175730564 0.02184300241624754
-0.693149199355802 0.02253122025633626
-0.670283015603141 0.02319742318525442
-0.6467619085141293 0.023840960265968263
-0.6226088602037078 0.024461202707957153
-0.5978474702471788 0.025057544481579718
-0.5725019326213812 0.025629402910208283
-0.5465970120650941 0.02617621923954582
-0.520158019881763 0.02669745918357113
-0.49321078920819095 0.02719261344657694
-0.465781649773358 0.027661198220792507
-0.4378974021720315 0.028102755659101357
-0.40958529167830154 0.028516854322395237
-0.38087298162462996 0.028903089601125278
-0.3517885263724217 0.029261084110638446
-0.32236034390052914 0.029590488059912694
-0.292617188038472 0.02989097959333295
-0.2625881203715035 0.03016226510516929
-0.23230248184497396 0.030404079526454932
-0.20178986409573602 0.030616186583980524
-0.17108008053860327 0.03079837903115269
-0.14020313723611397 0.030950478850491105
-0.10918920358006111 0.03107233742756666
-0.07806858281343663 0.031163835696210035
-0.046871682421591634 0.03122488425484948
-0.015628984421543084 0.03125542345386349
0.015628984421543084 0.03125542345386349
0.046871682421591634 0.03122488425484948
0.07806858281343663 0.031163835696210035
0.10918920358006111 0.03107233742756666
0.14020313723611397 0.030950478850491105
0.17108008053860327 0.03079837903115269
0.20178986409573602 0.030616186583980524
0.23230248184497396 0.030404079526454932
0.2625881203715035 0.03016226510516929
0.292617188038472 0.02989097959333295
0.32236034390052914 0.029590488059912694
0.3517885263724217 0.029261084110638446
0.38087298162462996 0.028903089601125278
0.40958529167830154 0.028516854322395237
0.4378974021720315 0.028102755659101357
0.465781649773358 0.027661198220792507
0.49321078920819095 0.02719261344657694
0.520158019881763 0.02669745918357113
0.5465970120650941 0.02617621923954582
0.5725019326213812 0.025629402910208283
0.5978474702471788 0.025057544481579718
0.6226088602037078 0.024461202707957153
0.6467619085141293 0.023840960265968263
0.670283015603141 0.02319742318525442
0.693149199355802 0.02253122025633626
0.7153381175730564 0.02184300241624754
0.7368280898020207 0.021133442112527594
0.7575981185197072 0.020403232646209593
0.7776279096494955 0.01965308749443545
0.7968978923903145 0.018883739613374886
0.8153892383391762 0.018095940722128407
0.8330838798884008 0.017290460568323632
0.8499645278795913 0.01646808617614516
0.8660146884971647 0.015629621077546098
0.8812186793850184 0.014775884527441474
0.895561644970727 0.01390771070371885
0.9090295709825297 0.013025947892971715
0.921609298145334 0.012131457662979251
0.9332885350430795 0.01122511402318622
0.944055870136256 0.01030780257486916
0.9539007829254917 0.009380419653694542
0.9628136542558156 0.008443871469668721
0.9707857757637064 0.007499073255464816
0.9778093584869183 0.00654694845084515
0.983877540706057 0.005588428003865117
0.9889843952429918 0.004624450063421818
0.9931249370374434 0.003655961201327216
0.9962951347331251 0.002683925371554019
0.9984919506395958 0.001709392653517807
0.9997137267734413 0.0007346344905008809
